                                  CHỈ TIÊU          2013          2014          2015          2016          2017          2018          2019  \
0                                 Doanh số  2.711470e+13  3.287303e+13  3.870714e+13  4.044714e+13  4.329840e+13  2.325913e+13  2.779198e+13   
1                       Các khoản giảm trừ -8.681289e+10 -2.283703e+11 -7.474445e+11 -9.156693e+11 -6.397855e+11 -4.558942e+10 -7.502202e+10   
2                           Doanh số thuần  2.702789e+13  3.264466e+13  3.795970e+13  3.953147e+13  4.265861e+13  2.321354e+13  2.771696e+13   
3                         Giá vốn hàng bán -2.148874e+13 -2.645614e+13 -3.046588e+13 -3.109333e+13 -3.297621e+13 -1.449066e+13 -1.700491e+13   
4                                  Lãi gộp  5.539153e+12  6.188521e+12  7.493820e+12  8.438135e+12  9.682405e+12  8.722879e+12  1.071205e+13   
5                       Thu nhập tài chính  3.857214e+11  3.676446e+11  4.525467e+11  5.747597e+11  1.583100e+12  6.000933e+11  6.504945e+11   
6                        Chi phí tài chính -2.705556e+11 -3.540763e+11 -6.204116e+11 -6.942140e+11 -6.008718e+11 -3.610466e+11 -5.923861e+11   
7                Trong đó: Chi phí lãi vay -1.324912e+11 -1.661653e+11 -2.625023e+11 -3.741861e+11 -3.685457e+11 -2.383444e+11 -3.589875e+11   
8           Lãi/(lỗ) từ công ty liên doanh  0.000000e+00  4.085860e+10  3.447469e+10  3.513336e+10  7.108536e+10  4.390271e+11  4.049275e+11   
9                         Chi phí bán hàng -1.356607e+12 -1.617819e+12 -2.226871e+12 -2.638455e+12 -3.074637e+12 -2.047834e+12 -2.345958e+12   
10           Chi phí quản lý doanh  nghiệp -1.846474e+12 -2.236034e+12 -2.331789e+12 -2.751158e+12 -3.441129e+12 -3.553288e+12 -4.219255e+12   
11        Lãi/(lỗ) từ hoạt động kinh doanh  2.451237e+12  2.389096e+12  2.801769e+12  2.964201e+12  4.219952e+12  3.799831e+12  4.609873e+12   
12                           Thu nhập khác  2.049593e+11  1.667556e+11  1.467961e+11  9.983984e+10  1.018472e+11  6.044893e+10  1.126836e+11   
13                            Chi phí khác -1.620877e+11 -9.662705e+10 -9.741662e+10 -5.014237e+10 -6.668148e+10 -2.677526e+09 -5.802621e+10   
14                     Thu nhập khác, ròng  4.287164e+10  7.012859e+10  4.937944e+10  4.969747e+10  3.516571e+10  5.777140e+10  5.465735e+10   
16                Lãi/(lỗ) ròng trước thuế  2.515630e+12  2.459224e+12  2.851149e+12  3.013899e+12  4.255118e+12  3.857603e+12  4.664531e+12   
17  Thuế thu nhập doanh nghiệp – hiện thời -4.779714e+11 -3.990001e+11 -4.970011e+11 -4.247415e+11 -6.984939e+11 -5.992149e+11 -7.619896e+11   
18   Thuế thu nhập doanh nghiệp – hoãn lại  2.765436e+10  1.890074e+10  8.393701e+10 -1.346634e+10 -2.850995e+10 -2.439052e+10  9.171267e+09   
19      Chi phí thuế thu nhập doanh nghiệp -4.503170e+11 -3.800994e+11 -4.130641e+11 -4.382078e+11 -7.270039e+11 -6.236054e+11 -7.528183e+11   
20                 Lãi/(lỗ) thuần sau thuế  2.065313e+12  2.079125e+12  2.438085e+12  2.575691e+12  3.528114e+12  3.233997e+12  3.911712e+12   
21            Lợi ích của cổ đông thiểu số  4.576048e+11  4.470397e+11  5.071888e+11  5.850483e+11  5.965831e+11  6.138185e+11  7.763618e+11   
22    Lợi nhuận của Cổ đông của Công ty mẹ  1.607708e+12  1.632085e+12  1.930896e+12  1.990643e+12  2.931531e+12  2.620179e+12  3.135350e+12   
23                Lãi cơ bản trên cổ phiếu  5.858000e+03  3.723000e+03  4.386000e+03  3.925000e+03  5.129000e+03  3.903000e+03  4.220000e+03   
24             Lãi trên cổ phiếu pha loãng  0.000000e+00  0.000000e+00  0.000000e+00  0.000000e+00  0.000000e+00  3.903000e+03  4.220000e+03   

            2020          2021          2022  
0   2.992170e+13  3.567105e+13  4.402301e+13  
1  -9.129762e+10 -1.378969e+10 -1.348320e+10  
2   2.983040e+13  3.565726e+13  4.400953e+13  
3  -1.801674e+13 -2.202530e+13 -2.684225e+13  
4   1.181366e+13  1.363196e+13  1.716728e+13  
5   8.218964e+11  1.270789e+12  1.998504e+12  
6  -5.481652e+11 -1.144187e+12 -1.687370e+12  
7  -3.853378e+11 -4.839958e+11 -6.457256e+11  
8   3.121936e+11  6.868647e+11  4.835980e+11  
9  -2.713561e+12 -3.604611e+12 -4.526441e+12  
10 -4.495366e+12 -4.612326e+12 -5.846281e+12  
11  5.190654e+12  6.228494e+12  7.589290e+12  
12  1.314012e+11  1.332192e+11  1.843239e+11  
13 -5.859902e+10 -2.450687e+10 -1.113306e+11  
14  7.280217e+10  1.087123e+11  7.299334e+10  
16  5.263457e+12  6.337206e+12  7.662283e+12  
17 -9.428141e+11 -9.548833e+11 -1.193614e+12  
18  1.031027e+11 -3.302206e+10  2.267416e+10  
19 -8.397114e+11 -9.879053e+11 -1.170940e+12  
20  4.423745e+12  5.349301e+12  6.491343e+12  
21  8.857375e+11  1.011889e+12  1.181235e+12  
22  3.538008e+12  4.337412e+12  5.310109e+12  
23  4.120000e+03  4.349000e+03  4.429000e+03  
24  4.120000e+03  4.349000e+03  4.429000e+03  
